dsgdb9xnsd_000001
C -0.0126981359 1.0858041578 0.0080009958
H 0.002150416 -0.0060313176 0.0019761204
H 1.0117308433 1.4637511618 0.0002765748
H -0.540815069 1.4475266138 -0.8766437152
H -0.5238136345 1.4379326443 0.9063972942
-0.005228311880527666 -0.005317223308474595 0.0006485746537147345
-0.0016122400804090729 -0.02217481486741827 -0.00013866654588853827
0.02030877212460032 0.009019453553334295 -0.00010319812369081217
-0.00809460983325472 0.008339675217978048 -0.019047050821623845
-0.007369005180148782 0.008908247111181013 0.01912850121616835
-18.13507437053181

dsgdb9xnsd_000003
C -0.0178210241 1.4643578827 0.0100939689
C 0.0020881587 0.0095077743 0.0020119979
C 0.018340851 -1.1918051787 -0.0045050842
H 0.9978221 1.8742534891 0.0026060629
H -0.5422043423 1.8580117813 -0.867211921
H -0.5253330614 1.8483435616 0.9014813825
H 0.0323165781 -2.2531482303 -0.0102599871
-0.00920637297289646 0.3535659394451096 0.0019362745392515225
-4.2159975788210366e-05 0.026110015769711285 0.0005315156604176162
-0.0002771307973651426 -0.027765425086819354 -0.00041917088796515183
-0.0016068822609727142 -0.031719456338704356 -0.0001613822440257581
0.004882888104346528 -0.03184239647381462 -0.00012414942786202342
0.005300277937595934 -0.03107116034117119 -2.477566614486448e-06
0.004358852297807893 -0.25791703429939494 -0.001613571192037777
-30.4403235483137

dsgdb9xnsd_000004
C 0.0151038958 0.0 1.0
C 1.3823314931 0.0 1.0
C -1.1886252462 0.0 1.0
H -2.2517720115 0.0 1.0
N 2.5429618689 0.0 1.0
-0.8713253688150537 1.8131420856103475e-07 -1.6449919262244757e-07
1.0197004440619668 1.0341491912566563e-06 3.518297830330686e-07
0.21769717073072514 -5.226538899076453e-07 -1.2742388225021106e-07
-0.25007405860855786 9.40509607084891e-08 6.957405677342031e-08
-0.11346249582105838 -1.1232122114573686e-06 -2.0656244350246075e-07
-25.942682122363294

dsgdb9xnsd_000005
C 0.680980206 0.0 0.0
C -0.680980206 0.0 0.0
C -1.8876660283 0.0 0.0
C 1.8876660283 0.0 0.0
H -2.9495999954 0.0 0.0
H 2.9495999954 0.0 0.0
1.1305711302504797 2.6523502205269917e-07 3.8772238586222405e-08
-1.1305721014076389 -5.680595751485397e-07 1.2958360906801123e-07
0.30640651468481944 5.055303415665153e-07 3.1280043411139376e-07
-0.3064052495477028 -1.5940840798049e-07 -2.53665056957341e-07
-0.2586734103288244 -8.433219002838826e-08 5.841546821478601e-08
0.2586724699734835 3.6098291097517414e-08 6.283776598456735e-08
-29.943081602903476

dsgdb9xnsd_000006
C 0.0535445759 -3.7570887492 -0.0177016325
C 0.036918803 -2.5490683086 -0.0114142221
C 0.0183070577 -1.1959868937 -0.0044995618
C 0.0019101197 0.0185006003 0.0021111505
C -0.0168370753 1.3780303615 0.0091608428
N -0.0327310734 2.541117714 0.0157569983
H 0.0689238124 -4.8196895142 -0.0223443053
-0.003963437479241336 0.41741293996094136 0.004645120642228813
0.01663526609215116 -1.3326528169090317 -0.008960223970953333
-0.02005502751770519 1.5708578121692274 0.010435492891025841
0.017336261480921347 -1.3898565395908726 -0.010046826498855969
-0.015992619014376153 1.2539649303769942 0.009041863804392996
0.004282720024863954 -0.25561555977686823 -0.0030463287179155777
0.002981816443738276 -0.26181137784970326 -0.002559117796282449
-38.611326957278834

dsgdb9xnsd_000007
C 0.605438995 0.0 0.0
C -0.605438995 0.0 0.0
C -1.9675982265 0.0 0.0
C 1.9675982265 0.0 0.0
N -3.1294921384 0.0 0.0
N 3.1294921384 0.0 0.0
-1.3119943181639422 -6.466324936627942e-07 -4.5086868424933426e-07
1.3119951431795864 3.9466436491943893e-07 4.874811960177564e-07
-1.1953880608920175 -2.1057336473551821e-07 -1.1811648810683404e-07
1.1953890160569136 9.031771863772021e-07 7.777587647435198e-07
0.22920077436295136 5.020850630714531e-07 1.0207280317460408e-07
-0.22920185870008006 -8.628622857782651e-07 -1.084954193542051e-06
-34.44132711506427

dsgdb9xnsd_000008
C -0.0178862937 1.4671278689 0.0101131129
C 0.0017381887 0.0103525955 0.0020758794
N 0.017652353 -1.1445292595 -0.00420445
H 1.0020294117 1.8608992682 0.0024540105
H -0.5439884752 1.8447990128 -0.8707545998
H -0.5270778345 1.8351816641 0.9048632871
-0.007941367393916984 0.2357854989690096 0.0009648181037502386
0.001804945819492662 -0.0007361164549047093 0.00025548241565245285
-0.00019819427341449139 -0.1613620059970795 -0.0007191660446634729
0.0021899082801700056 -0.026177100432794784 0.00011247332762019052
0.0020415391615525 -0.025809402108389997 -0.0031076066469170227
0.002643672643861339 -0.024619566489790926 0.0030959681362062326
-26.722319175767097

dsgdb9xnsd_000009
C -0.0029448212 1.5099136648 0.0086727849
C 0.0260828384 0.0032756259 -0.037459115
O 0.9422880119 -0.6550703513 -0.4568257611
H 0.9227880213 1.926342418 -0.3914655687
H -0.8620154031 1.878524808 -0.5647953841
H -0.1505063787 1.8439338318 1.0428910048
H -0.8944300885 -0.4864340773 0.3577486492
-0.04415133379999541 -0.05139551232365859 0.0206040102258721
-0.3060751630715183 0.2097066201350967 0.13169662505708568
0.20806062023351313 -0.13110488376884757 -0.09142844032623715
0.02667070717971056 -0.00848885371993156 -0.014290273948420909
0.016468846850965623 -0.0029718907506602033 -0.024178580046972972
0.02641368626723283 -0.006911804279713792 0.0017017438391468175
0.0787788838961359 -0.005420473728407638 -0.030169442204525616
-29.517065776063646

dsgdb9xnsd_000011
C -0.0133239314 1.1324657151 0.0082758861
N 0.0023107217 -0.0191585871 0.0019287305
H -0.0278026991 2.1989492963 0.0141537903
-0.001284005210016337 0.06090723194777547 0.0005031138129456651
0.0024670790324812773 -0.23000905726671975 -0.0009819005144376962
-0.002613127833165459 0.1662931784454047 0.0010721307641392954
-13.4095797031041

dsgdb9xnsd_000013
C -0.0082881667 1.3904697792 -0.0056006901
O -0.0079703813 -0.0250453723 0.0203060595
H 1.0065833848 1.8155636589 0.0034833514
H -0.5465747513 1.7991697458 -0.8739012577
H -0.5228887142 1.7255524029 0.8990732632
H 0.4414201887 -0.3335442546 -0.7715205863
-0.011427208952473901 -0.10990526618946728 0.020156130603538606
-0.059948577447252904 0.2378997057903137 0.10600033992632965
0.0007866244433305896 -0.03226761207718832 0.004008388696253284
0.0012755345043265892 -0.03210832667079232 -2.7349443446877216e-05
0.011112299236592522 -0.028064787752092455 -0.015437830549146455
0.06312507295189936 -0.03927429541857903 -0.11153551808300441
-22.038503427155774

dsgdb9xnsd_000014
N -0.0404260543 1.0241077531 0.0625637998
H 0.0172574639 0.0125452063 -0.0273771593
H 0.9157893661 1.3587451948 -0.0287577581
H -0.5202777357 1.3435321258 -0.7755426124
0.08615465035819814 -0.06027854112754121 -0.16802720490400475
-0.03134090250740437 0.00823395715588947 0.05894330251799855
-0.021051436922638667 0.02719814270479282 0.05821218140837929
-0.03593916864765201 0.02511560323790913 0.05089549499332691
-12.478657291314903

dsgdb9xnsd_000015
N -0.0588543735 -1.1708518761 -0.0037222375
C -0.012816536 -0.0181007567 0.0021770507
C 0.0120243879 1.4472360505 0.0097236088
C 1.3709445795 1.9959873418 -0.0003009637
N 2.4302450877 2.4529451338 -0.0079547175
H -0.534209601 1.8214094564 -0.8640736576
H -0.5174253046 1.8120306503 0.8977007868
-0.0029349197756620934 -0.15781784816347522 -9.463038456046464e-05
0.02880984511606839 0.06378144704764004 -0.000720405573590689
-0.19074020471967604 0.12204335261787656 0.003712184991405679
-0.05503082153045226 -0.049401125295011575 -8.047095843263116e-05
0.14829372183438727 0.06030499191894362 -0.0014658766280963643
0.033831730461616916 -0.021466588301885556 -0.0013356823305595864
0.03413081740176628 -0.020475330925275943 0.0002860628618408262
-34.91708565844874

dsgdb9xnsd_000016
N 0.0174573422 -1.1613421749 -0.0041534236
C 0.0025321236 -0.0034427793 0.0017993915
C -0.0161141932 1.3722098653 0.0093487294
N -0.0326430226 2.5300827589 0.0160909027
-0.0006188886943834 0.07102064791520886 0.00011370025814096939
0.009706804662244753 -0.8283866170821907 -0.0037267089999891835
-0.012319707318178422 0.828371113431807 0.005017604304197041
0.0033234377123242745 -0.07102667185610231 -0.0014534576332512752
-21.710269871442506

dsgdb9xnsd_000017
N 0.0461718643 -1.1357474523 -0.0045065423
C -0.0045713762 0.018209309 0.002745139
C -0.0488001393 1.4372906047 0.0114251983
N -1.1481198182 2.1455918499 0.0297882491
O -0.7248334686 3.4144961149 0.0315185318
N 0.6829462596 3.4319886433 0.0132719279
N 1.0784015583 2.2445317206 0.0013360062
-0.008686338368820202 -0.05645323915850158 0.00023972777415933843
0.014155722144918885 -0.33754284874221696 -0.002097161383082931
-0.13743062668758785 0.8743383299593225 0.006335868489393137
0.42810798897519664 0.16588259283149479 -0.004422461909019488
0.591142516833403 -0.48420511093297736 -0.01015950592612106
-0.570641435896655 -0.3631482231036355 0.004980204160626994
-0.32041017349839895 0.199859551294761 0.005967438994616388
-33.61841340778119

dsgdb9xnsd_000018
N -0.0258998583 1.34614561 0.0088939089
C 0.0464672751 -0.0117434132 0.0012042484
O 1.0718352049 -0.6525878165 -0.0111331282
H 0.8253549651 1.8850494841 0.0037376912
H -0.9083767959 1.8267963784 0.018919919
H -0.9614410008 -0.4750037629 0.0080739107
0.025911681216897766 -0.073160333342315 -0.0013013649399116138
-0.2799994972426234 0.15058213268361378 0.00503926826679606
0.18286407367406307 -0.1099629851972054 -0.002774947524715956
0.06486206512679676 0.02104702640052225 -5.796799338696464e-05
-0.06378611231467682 0.03721855085957071 0.0005965103250062938
0.06968078013692051 -0.0283408102496456 -0.0012478979200570787
-24.62495532623052

dsgdb9xnsd_000021
N 0.1134217272 1.3192998156 -0.0961996713
C 0.0644338796 -0.0044268458 -0.0903083796
O -0.0586799244 -0.7363423898 -1.1613967212
N -0.0614546955 -2.0076157634 -0.662723007
N 0.0616939633 -1.9691226217 0.7065313651
O 0.1390757518 -0.7606000047 1.0607579121
H 0.206365668 1.6218982998 0.8163268919
-0.015402935534418856 -0.06519310609939062 -0.10565528263522067
-0.023454228498219962 -0.35214748527572537 -0.16627090631401822
0.0299267487140689 -0.200153409947661 0.41727761754634196
0.05880064176304877 0.48143778662686343 0.5464106484133608
-0.028664742789951077 0.3880279143418737 -0.5538476205049983
-0.039778669329278746 -0.2939830317731368 -0.2630815185905686
0.01374128203570399 0.04487487761091856 0.12574364671906618
-29.896380939557275

dsgdb9xnsd_000024
O -0.0258399853 -0.0760558801 0.0033219103
C 0.0007790538 1.1312141534 0.0063253158
C 1.2003568631 1.9254440393 9.99413e-05
C 2.20041064 2.5945401367 -0.0050200553
C -1.2435554559 1.9207466659 0.0178834292
N -2.2238647748 2.5336202073 0.026957752
H 3.087702769 3.1812986775 -0.0093714633
-0.01566532851024553 0.02373795232449505 -0.0013320032359254639
-0.12917758448860808 -0.2113240551298336 0.004409892453206093
0.24453510499229522 0.0873287077325753 -0.002541421046159461
-0.12988733695255966 -0.07650864159449793 0.0008719771042803885
-0.13638142260632705 0.003914229080717033 -0.0009784413519845195
-0.04276207327507224 0.03456835440090174 0.0004392928570383278
0.20039361409584988 0.13784349456710146 -0.0007898417163801725
-37.16243889567431

dsgdb9xnsd_000025
O -0.0719533853 -0.0379361938 0.0028513131
C -0.0215313448 1.1670016747 0.0078409989
C 1.2232543685 1.9101438726 0.0001674466
C 2.2521635785 2.5468166494 -0.0060278744
C 3.4132077427 3.2640117017 -0.0129876955
N 4.3994823163 3.8772270399 -0.0187815801
H -0.928041076 1.8011754155 0.0187216415
0.03886100551816082 -0.037492460115854706 -0.0005702363740926139
-0.4355695552645041 -0.019948447776038374 0.004695539464790358
0.5631466283262975 0.25759644357638556 -0.0037098011672194978
-0.9749487940355135 -0.6140528539223187 0.005662492458499991
0.9493578033004354 0.5934373661368058 -0.005356196298810739
-0.15116283931047494 -0.0968238109327767 0.0008606003833131563
0.018885479652923597 -0.08281396542746139 -0.001875433389287944
-37.352772093811836

dsgdb9xnsd_000026
O -0.0405597774 -0.0379914394 0.0026651264
C -0.0176887026 1.1619325108 0.0074600778
C 1.2331553409 1.9338133573 0.0004337145
N 2.1985737832 2.5705509697 -0.0048332038
H -0.9262753441 1.7895919616 0.017648585
0.04020891946155301 -0.14314837375126066 -0.0013206483179146783
-0.2709034643528939 0.16125688900753313 0.004672456458827911
0.20112505201682448 0.03989629226838564 -0.0014648833080263773
0.02329224214775003 0.01739051546409063 -3.895612389813797e-05
0.01366033778856586 -0.07374881020346802 -0.002065737100773603
-24.739495957716827

dsgdb9xnsd_000028
O 0.0029355305 -0.0651970155 0.0027724031
C -0.0133825672 1.13617766 0.0066838599
C 1.2043551853 1.9484701259 0.0005879903
N 2.1698535337 2.5842697159 -0.0042705309
C -1.2527321226 1.9150408255 0.0179336562
N -2.2351431619 2.5243365681 0.0268262514
0.0005705289656543587 -0.007434234380785458 -7.459202776837777e-05
0.0010076986055425207 -0.12324554439355472 -0.0003119207568096769
0.17320820318633626 0.04759898022982506 -0.0005281925607539609
0.022109987735924173 0.020589399519683485 -7.410269537794478e-05
-0.170595933947425 0.041904190239472415 0.0008361222966705444
-0.027868862785920732 0.01990775019241615 0.00012724169386650947
-32.96674233832891

dsgdb9xnsd_000029
O 0.0033712246 -0.0314658631 0.0015720628
C -0.0171317373 1.1708140858 0.0067644382
C 1.2655578297 1.9971940991 -7.70322e-05
O 1.2450706894 3.1994658927 0.0068127529
H -0.9469048284 1.7767814241 0.0185266798
H 2.195344102 1.3912137414 -0.0100673915
0.06397810997189658 -0.16815365022431825 -0.003742406254455425
-0.13014601432408457 0.38587607124686746 0.00894140431715129
0.13022552811216037 -0.3859400639010568 0.001259524757958639
-0.06399614801027885 0.16814590040458702 -0.0005109684308496019
0.019067309059174812 -0.06886274868909514 -0.004854998832039335
-0.019127950691518077 0.06891697978944457 -0.0010520025729960016
-27.801914533588388

dsgdb9xnsd_000030
O -0.0778584476 0.0061914019 0.0012399297
C -0.0168409457 1.1998604542 0.0068937211
C 1.3535897273 1.9244098993 -0.0005511999
O 2.4014142225 1.3416108415 -0.0120739854
C 1.2551732794 3.3946973412 0.0078618064
N 1.1141053667 4.5427521793 0.0149400431
H -0.9035942427 1.8662530427 0.017607225
0.0376345463320489 -0.2221265810465602 -0.0015663842463928682
0.0894391511270553 0.3841930306419628 0.002585213312623325
-0.23155430251839654 -0.2235135565290881 0.0006690545717969274
0.09253583654967537 -0.03780091883057545 -0.0011512783242532858
0.011016446138120781 0.12755147423119856 0.00012641611257937179
0.004939486522398604 0.02624200485165572 9.060871611538524e-05
0.005478896498555951 -0.05208757194556425 -0.0012824147254812284
-36.05286793199775

dsgdb9xnsd_000031
O -0.0140710953 1.3173135051 0.0093144316
C 1.2570254917 1.7002859793 -0.0008207948
N 2.0502071703 0.5996642575 -0.0143590676
C 1.2049691483 -0.4873193738 -0.0121534148
N 0.0049878097 -0.1217753109 0.001418111
H 1.4553239971 2.7596429331 0.0029861861
H 3.1210842982 0.4964388897 -0.0251924416
0.17490053935830888 -0.6673434060981158 -0.004505962347112689
-0.01605471907938624 -0.21431297928595133 -0.0007517594076681032
-0.28338031401140035 0.0833825075472875 0.0029524078550368276
-0.3164955239908614 0.21660056589086446 0.004886262060434536
0.333909378799919 0.5268078647088231 -0.0010631924261714268
0.011344842730914515 0.07961590623324673 0.0004153085765059859
0.09899629823936953 -0.028369572360119586 -0.0016702624783430189
-31.52283240757697

dsgdb9xnsd_000032
O -0.022420118 1.2892703108 0.009242646
C 1.2611578461 1.6485704893 -0.0011762231
N 2.0953269928 0.6569197707 -0.0144354712
C 1.2326777791 -0.4152061938 -0.0118745255
N -0.0356282186 -0.1110300295 0.0017536228
H 1.476729655 2.7067920579 0.0024315419
H 1.5613515236 -1.4439634054 -0.020558661
0.23951031476275467 -0.4309876779541029 -0.005572929872917496
-0.10269340787478837 -0.3479366168938304 0.00019608514591070824
-0.17747502031988766 0.07366713617435375 0.002626537782665449
-0.22357931666256747 0.3245045475012934 0.001955083445841543
0.23505925884199852 0.3819376573395564 0.0011472200947185052
0.01522050572411229 0.0654489872417513 0.00020155110595415797
0.019366571040040553 -0.06584342252136184 5.608229476468964e-05
-32.216334724479566

dsgdb9xnsd_000033
O -0.0517957419 1.3654245692 0.0098607314
C 1.2587582787 1.7112384067 -0.0008437355
N 2.055711433 0.6988559559 -0.0139385651
C 1.2307899583 -0.4348435208 -0.0119346405
N 0.0223452333 0.0120230913 0.0020534171
H 1.5043063316 2.7603271117 0.0023186853
H -0.900309253 -0.544361994 0.0079967872
0.1891692306938409 -0.13863066968934853 -0.0014122858353263425
-0.049799540231238386 -0.34831716374160665 -0.002177219628005094
-0.3653469773677409 -0.06716966602297458 0.004409312155178977
-0.048272016669387144 0.37226101665617867 0.0021881187922352567
0.30910883599596983 0.15739005070953496 -0.002192566646772382
0.026313394827306373 0.07989189232397637 0.00013457098393304984
-0.06776000210038531 -0.04969060967835247 0.0001245038801704781
-32.442596019083794

dsgdb9xnsd_000034
O 0.0455888293 1.3688790424 0.0089791375
C 1.3304858002 1.8303194434 -0.0008738698
N 2.0834812065 0.764778918 -0.0138352169
C 1.248123233 -0.383813982 -0.0119726118
N 0.0024443094 0.0043014193 0.0020848805
H 3.1591975737 0.8420128499 -0.0237510797
H 1.5060485479 -1.4310188809 -0.0200653798
0.47042030366560383 -0.3394666193887906 -0.005825850441187501
-0.34224907638649615 -0.4081376446031277 0.0009649491271771851
-0.23586454167952878 0.19441031576441176 0.0037747633844838415
-0.26843892191956015 0.1696230273067876 0.0032485035221214765
0.29175618090294975 0.4493435681658201 -0.0007496638555900319
0.08058368753361306 0.021490384069119947 -0.001098756801946344
0.009890303743014394 -0.08268022748101521 -0.0001668418791549557
-31.09167071239699

dsgdb9xnsd_000035
O -0.024923526 1.3239640631 0.0095330834
C 1.2540324794 1.6470814639 -0.0011207866
N 2.0560129184 0.6280513156 -0.0141689357
N 1.1946555035 -0.4534118336 -0.0118337279
N -0.0044322565 -0.1103432447 0.0014179993
H 1.5256021011 2.6908541558 0.0019673375
0.21924826884207815 -0.6218493934811123 -0.0076371244659445845
0.005771677447773881 -0.24601636021230802 0.0015988041113431351
-0.42067192144914145 -0.08396960182332265 0.002548718865920942
-0.1574013011893275 0.4155983188224153 0.003030644884608847
0.3330295166358709 0.47509414471501027 0.0011227549150147331
0.021222688449734902 0.0640783951897529 -0.0001374898033052397
-25.825844575086194

dsgdb9xnsd_000036
O -0.0593325887 1.2684201211 0.0095178503
C 1.1946293712 1.771776509 0.0001229152
N 1.9590217387 0.7210517427 -0.0128069641
N 1.2270421979 -0.4479406483 -0.0121559722
N 0.0119302176 -0.1246338293 0.0012973737
H 3.0355546734 0.7552313348 -0.0229864829
0.5024587377199172 -0.5317610916189248 -0.007662099135489091
-0.2663822598880308 -0.38343025061114205 0.001643839969077515
-0.3417774338042071 0.103607250666367 0.0027138839228901443
-0.33475037014927816 0.2393209324832892 0.0049458677952362645
0.357595660380207 0.5679829266494643 -0.00032723795077805256
0.07978479661328837 0.007327077529259686 -0.0009438576464510852
-25.383484426158248

dsgdb9xnsd_000037
O -0.0038222182 0.0796485233 -0.3605398283
C -0.0136996141 1.1985352289 0.0492546676
N -1.2128911076 1.9060324606 0.345505434
N -1.2496568436 3.1136395312 0.0868564251
O -0.0538794551 3.7209570096 -0.3872021317
N 1.1700876223 3.1466734012 0.0549969071
N 1.1731170764 1.9386043053 0.3140891662
-0.00016540761485966802 0.002276934472293264 -0.010986075596810271
-0.00269378154562453 0.19900716183285466 -0.004784317041096651
-0.037779890701836 0.35350561251581686 -0.09622540364771544
0.3940939077904123 -0.13726813521815287 -0.06816605161949099
0.011610896340853228 -0.6151099340130632 0.3314828827826944
-0.39300208473999243 -0.14648059466117638 -0.056801157522001405
0.023797277500498728 0.352924157286503 -0.09494622851246091
-29.52990283912004

dsgdb9xnsd_000038
O -0.0324817909 -0.0129324292 0.0034974437
C -0.007070366 1.1696186978 0.009207325
O -1.115828227 2.0089519861 0.0284112736
C -0.609052804 3.2562697003 0.0284281458
N 0.6664396487 3.3341889543 0.0121196928
O 1.0851735555 1.9789781765 -0.0005520343
H -1.2855162562 4.0966981242 0.0418254634
-0.0036812229420574265 -0.24244903596614856 -0.002954297873112738
0.002824343819473407 0.5883648785461824 0.008200463752444554
0.2580740774979775 -0.07325998097796149 -0.006183995676812354
0.21236119945081003 -0.14834505031331566 -0.0038328204408910062
-0.0826001894449654 -0.4296130459274037 -0.000893261674868413
-0.35269507753119816 0.25694890014080424 0.004633056151114245
-0.03431199030248695 0.05315596525102327 0.00047466167469209963
-34.200013953031885

dsgdb9xnsd_000039
O 0.0024957938 -0.0348153442 0.0028855672
C -0.013512517 1.1460053332 0.0093742933
O -1.1162131588 1.9645379792 0.0279551639
N -0.6608489117 3.2764220761 0.0292293772
N 0.5758330091 3.2932732442 0.0130647618
O 1.0665936346 1.9942817915 -1.83935e-05
0.0028851559159690796 -0.2359887443806523 -0.001255921613717609
-0.00689328415945255 0.531579050199491 0.003237620195887977
0.43642313442735464 0.28693788415991967 -0.0034605374792506323
0.22921704836732204 -0.418857084646466 -0.008515619420072828
-0.2170706631886154 -0.4266419853860166 0.004394653832156231
-0.4471240157838814 0.2755271472381969 0.005262510023402056
-27.38436784408259

dsgdb9xnsd_000040
O -0.0791747539 1.253174839 0.0095115243
N 1.2113477831 1.7130597251 -0.0002381434
N 1.9737032474 0.7238608721 -0.012951144
N 1.1941825062 -0.4418473051 -0.0117691278
N -0.0112064429 -0.115164371 0.001574191
0.6415281645512091 -0.4199995419779085 -0.006262549980538322
-0.26694612568507575 -0.4686959426530004 -0.0011507448717292892
-0.5159942030863577 -0.0138684063844134 0.00562520251241972
-0.1886840998976657 0.48964357595710833 0.004133150972310893
0.3350477894717918 0.4099035778887147 -0.0018068627827317275
-19.12128105884949

dsgdb9xnsd_000041
F 0.015865583 0.0608118464 -0.0236920138
C -0.0212067717 1.3978904345 0.0172637753
F 1.2402700836 1.8425054289 -0.026128578
F -0.6421610932 1.8228619273 -1.0894129936
C -0.7060103705 1.8698501808 1.2209922048
C -1.2667633034 2.2556801006 2.2065750045
H -1.7644624577 2.5983319915 3.0814484209
-0.02076398797897942 -0.11365759751993598 0.03155672303128787
0.06999734008977897 -0.046622026466819406 -0.1225318607125741
0.07833016681401776 0.06034923921927916 0.01962771764780509
-0.06875695647638581 0.04393133682724489 -0.07366095663028527
0.04818305988717704 -0.031975712296512054 -0.08593633133891886
-0.014664876456663601 0.005425525792233077 0.024522355180261125
-0.10912977246393497 0.07826249408817501 0.19515623624778383
-32.39648454107919

dsgdb9xnsd_000043
F 0.0369043981 0.0548354636 -0.0612086596
C -0.0173288099 1.3744882752 0.010797821
F 1.2278166719 1.8680415757 0.0004056986
F -0.6590561561 1.8486380694 -1.0650521204
C -0.7415317284 1.8573015126 1.2845273819
O -1.1923510992 1.1058102745 2.0969009016
H -0.7943440464 2.9621361889 1.3580632169
-0.0013353151255784932 -0.2016388082950414 0.000742214340730634
-0.1643563892226837 0.09000395691948662 0.28946598647932614
0.11947606272384795 0.06944020765246509 0.006433274997089615
-0.07254590278688215 0.056507264879115046 -0.10568863678770793
0.22665635757000732 0.25178015661123554 -0.40341261021198527
-0.08729054777654192 -0.2059692564828064 0.16322615856755532
-0.021433354682723584 -0.06624130415933087 0.03632276317850061
-31.467431756082078

dsgdb9xnsd_000044
F 0.0010921821 0.0735451051 0.0024996288
C -0.0168887554 1.3947684349 0.009692655
F 1.2227713731 1.8522134169 0.0003138912
F -0.6559701536 1.8325027456 -1.0609125843
F -0.6354026161 1.8208575876 1.0969063093
-0.00315857455431096 -0.17742734743570876 -0.0013019177785549034
0.0003538298443325528 0.004894856384773568 -0.0007198467699876166
0.14132772224408274 0.06697487403920706 -0.002990725316861702
-0.07823514238215719 0.045991038057205474 -0.1427377957992387
-0.07511880128576831 0.04782946607013243 0.1468509259496824
-21.307669546629768